135,17
135,16
135,15
135,14
135,13
135,12
135,11
135,10
135,9
135,8
135,7
135,6
135,5
135,4
135,3
135,2
135,1
135,0
93,6
93,5
93,4
93,3
90,3
87,3
81,3
78,4
78,3
73,3
72,3
71,3
70,3
69,5
69,4
69,3
67,3
66,3
4,3
2,3
2,2
2,0
1,3
0,4546
0,4545
0,4544
0,4543
0,4542
0,4541
0,4540
0,4539
0,4538
0,4537
0,4536
0,4535
0,4534
0,4533
0,4532
0,4531
0,4530
0,4529
0,4528
0,4527
0,4526
0,4525
0,4524
0,4523
0,4522
0,4521
0,4520
0,4519
0,4518
0,4517
0,4516
0,4515
0,4514
0,4513
0,4512
0,4511
0,4510
0,4509
0,4508
0,4507
0,4506
0,4505
0,4504
0,4503
0,4502
0,4501
0,4500
0,4499
0,4498
0,4497
0,4496
0,4495
0,4494
0,4493
0,4492
0,4491
0,4490
0,4489
0,4488
0,4487
0,4486
0,4485
0,4484
0,4483
0,4482
0,4481
0,4480
0,300
0,299
0,298
0,297
0,296
0,295
0,294
0,293
0,292
0,291
0,290
0,289
0,288
0,287
0,286
0,285
0,284
0,283
0,282
0,281
0,280
0,279
0,278
0,277
0,276
0,275
0,274
0,273
0,272
0,271
0,270
0,269
0,268
0,267
0,266
0,265
0,264
0,263
0,262
0,261
0,260
0,259
0,258
0,257
0,256
0,255
0,254
0,253
0,252
0,251
0,250
0,249
0,248
0,247
0,246
0,245
0,244
0,243
0,242
0,241
0,240
0,239
0,238
0,237
0,236
0,235
0,234
0,233
0,232
0,231
0,230
0,229
0,228
0,227
0,226
0,225
0,224
0,223
0,222
0,221
0,220
0,219
0,218
0,217
0,216
0,215
0,214
0,213
0,212
0,211
0,210
0,209
0,208
0,207
0,206
0,205
0,204
0,203
0,202
0,201
0,200
0,199
0,198
0,197
0,196
0,195
0,194
0,193
0,192
0,63
0,62
0,61
0,60
0,59
0,58
0,57
0,56
0,55
0,54
0,53
0,52
0,51
0,50
0,49
0,48
0,47
0,46
0,45
0,9
0,2
0,1
0,0
135,18
135,19
135,21
135,22
135,24
135,25
135,27
135,29
135,30
135,32
135,33
135,35
136,1
136,2
136,4
137,0
137,2
137,3
138,0
138,2
138,3
138,5
138,6
138,8
138,10
138,11
138,13
138,14
138,16
138,17
138,19
138,21
138,22
138,24
138,25
138,27
138,29
138,30
138,32
138,33
138,35
138,36
138,38
138,40
138,41
138,43
138,44
139,1
139,3
139,4
139,6
139,7
139,9
139,11
139,12
139,14
139,15
139,17
139,18
139,20
139,22
139,23
139,25
139,26
139,28
139,30
139,31
139,33
139,34
139,64
139,65
139,67
139,69
139,70
139,72
140,0
140,2
140,4
140,5
140,7
140,8
140,10
140,11
140,13
140,15
140,16
140,18
140,19
140,21
140,23
140,24
140,26
140,27
140,29
140,31
140,32
140,34
140,35
140,65
140,66
140,68
140,70
140,71
140,73
140,74
140,76
140,78
140,79
140,81
140,82
140,84
140,85
140,87
140,89
140,90
140,92
140,93
140,95
140,97
140,98
140,100
140,101
140,103
140,104
140,106
140,108
140,109
140,111
140,112
140,114
140,116
140,117
140,119
140,120
140,122
140,123
140,125
140,127
140,128
140,130
140,131
140,133
140,135
140,136
140,138
140,139
140,141
140,143
140,144
140,146
140,147
140,149
140,150
140,152
140,154
140,155
140,157
140,158
140,160
140,162
140,163
140,165
140,166
140,168
140,169
140,171
140,173
140,174
140,176
140,177
140,179
140,181
140,182
140,184
140,185
140,187
140,188
140,190
140,192
140,193
140,195
140,196
140,198
140,200
140,201
140,203
140,204
140,206
140,208
140,209
140,211
140,212
140,214
140,215
140,217
140,219
140,220
140,222
140,223
140,225
140,227
140,228
140,230
140,231
140,233
140,234
144,0
144,2
144,3
144,5
144,6
145,0
145,2
145,3
146,0
146,1
146,3
146,4
147,1
147,3
147,4
147,6
147,7
148,1
148,3
148,4
148,6
148,7
149,0
149,1
149,3
149,5
149,6
149,8
149,9
149,11
149,13
149,14
149,16
149,17
149,19
149,21
149,22
149,24
174,0
174,2
174,3
176,1
176,3
177,0
177,2
177,3
178,1
178,3
180,0
180,2
180,3
181,1
181,2
182,1
183,0
183,1
183,2
182,2
182,0
181,0
180,1
178,2
178,0
177,1
176,2
176,0
174,1
149,23
149,20
149,18
149,15
149,12
149,10
149,7
149,4
149,2
148,8
148,5
148,2
148,0
147,5
147,2
147,0
146,2
145,4
145,1
144,7
144,4
144,1
140,235
140,232
140,229
140,226
140,224
140,221
140,218
140,216
140,213
140,210
140,207
140,205
140,202
140,199
140,197
140,194
140,191
140,189
140,186
140,183
140,180
140,178
140,175
140,172
140,170
140,167
140,164
140,161
140,159
140,156
140,153
140,151
140,148
140,145
140,142
140,140
140,137
140,134
140,132
140,129
140,126
140,124
140,121
140,118
140,115
140,113
140,110
140,107
140,105
140,102
140,99
140,96
140,94
140,91
140,88
140,86
140,83
140,80
140,77
140,75
140,72
140,69
140,67
140,64
140,33
140,30
140,28
140,25
140,22
140,20
140,17
140,14
140,12
140,9
140,6
140,3
140,1
139,71
139,68
139,66
139,35
139,32
139,29
139,27
139,24
139,21
139,19
139,16
139,13
139,10
139,8
139,5
139,2
139,0
138,42
138,39
138,37
138,34
138,31
138,28
138,26
138,23
138,20
138,18
138,15
138,12
138,9
138,7
138,4
138,1
137,4
137,1
136,3
136,0
135,34
135,31
135,28
135,26
135,23
135,20
181,45
183,44
182,44
181,44
183,43
182,43
181,43
183,42
182,42
181,42
183,41
182,41
181,41
183,40
182,40
181,40
183,39
182,39
181,39
183,38
182,38
181,38
183,37
182,37
181,37
183,36
182,36
181,36
183,35
182,35
181,35
183,34
182,34
181,34
183,33
182,33
181,33
183,32
182,32
181,32
183,31
182,31
181,31
183,30
182,30
181,30
183,29
182,29
181,29
183,28
182,28
181,28
183,27
182,27
181,27
183,26
182,26
181,26
183,25
182,25
181,25
183,24
182,24
181,24
183,23
182,23
181,23
183,22
182,22
181,22
183,21
182,21
181,21
183,20
182,20
181,20
183,19
182,19
181,19
183,18
182,18
181,18
183,17
182,17
181,17
183,16
182,16
181,16
183,15
182,15
181,15
183,14
182,14
181,14
183,13
182,13
181,13
183,12
182,12
181,12
183,11
182,11
181,11
183,10
182,10
181,10
183,9
182,9
181,9
183,8
182,8
181,8
183,7
182,7
181,7
183,6
182,6
181,6
183,5
182,5
181,5
183,4
182,4
181,4
183,3
182,3
181,3
0,6
0,5
0,304
0,303
0,306
0,305
0,302
0,12
0,10
0,8
0,11
0,7
0,4
0,3
